name
AT
AMT
CVT
MT